%This is the First Code in the Project 2017 NNNN

k_el=[k11 k12 k13 k14 k15 k16 k17 k18;k12 k22 k23 k24 k25 k26 k27 k27 ...;
    ]


