function [KE] = Elementstiffness_3D(CVector,a,b,c)


C1111 = CVector(1,1);
C1122 = CVector(1,2);
C1133 = CVector(1,3);
C1123 = CVector(1,4);
C1113 = CVector(1,5);
C1112 = CVector(1,6);
C2222 = CVector(1,7);
C2233 = CVector(1,8);
C2223 = CVector(1,9);
C2213 = CVector(1,10);
C2212 = CVector(1,11);
C3333 = CVector(1,12);
C3323 = CVector(1,13);
C3313 = CVector(1,14);
C3312 = CVector(1,15);
C2323 = CVector(1,16);
C2313 = CVector(1,17);
C2312 = CVector(1,18);
C1313 = CVector(1,19);
C1312 = CVector(1,20);
C1212 = CVector(1,21);

KE = [(C2312*a)/6 + (C1112*b)/6 + (C1123*c)/6 + (C1111*b*c)/(9*a) + (C1212*a*b)/(9*c) + (C2323*a*c)/(9*b),(C2212*a)/12 + (C2313*a)/12 + (C1113*b)/12 + (C2312*b)/12 + (C1122*c)/12 + (C2323*c)/12 + (C1123*b*c)/(9*a) + (C1312*a*b)/(9*c) + (C2223*a*c)/(9*b),(C1312*a)/12 + (C3323*a)/12 + (C1133*b)/12 + (C1212*b)/12 + (C1113*c)/12 + (C2312*c)/12 + (C1112*b*c)/(9*a) + (C2313*a*c)/(9*b) + (C3312*a*b)/(9*c),(C2312*a)/12 - (C1111*b*c)/(9*a) + (C1212*a*b)/(18*c) + (C2323*a*c)/(18*b),(C2212*a)/24 + (C2313*a)/24 + (C1113*b)/12-(C2312*b)/12 + (C1122*c)/12 - (C2323*c)/12 - (C1123*b*c)/(9*a) + (C1312*a*b)/(18*c) + (C2223*a*c)/(18*b),(C1312*a)/24 + (C3323*a)/24 + (C1133*b)/12 - (C1212*b)/12 + (C1113*c)/12 - (C2312*c)/12 - (C1112*b*c)/(9*a) + (C2313*a*c)/(18*b) + (C3312*a*b)/(18*c),(C1212*a*b)/(36*c) - (C1111*b*c)/(18*a) - (C1123*c)/6 - (C2323*a*c)/(18*b),(C2313*a)/24 - (C2212*a)/24 + (C1113*b)/24 - (C2312*b)/24 - (C1122*c)/12 - (C2323*c)/12 - (C1123*b*c)/(18*a) + (C1312*a*b)/(36*c) - (C2223*a*c)/(18*b),(C3323*a)/24 - (C1312*a)/24 + (C1133*b)/24 - (C1212*b)/24 - (C1113*c)/12 - (C2312*c)/12 - (C1112*b*c)/(18*a) - (C2313*a*c)/(18*b) + (C3312*a*b)/(36*c),(C1112*b)/12 + (C1111*b*c)/(18*a) + (C1212*a*b)/(18*c) - (C2323*a*c)/(9*b),(C2313*a)/12 - (C2212*a)/12 + (C1113*b)/24 + (C2312*b)/24 - (C1122*c)/12 + (C2323*c)/12 + (C1123*b*c)/(18*a) + (C1312*a*b)/(18*c) - (C2223*a*c)/(9*b),(C3323*a)/12 - (C1312*a)/12 + (C1133*b)/24 + (C1212*b)/24 - (C1113*c)/12 + (C2312*c)/12 + (C1112*b*c)/(18*a) - (C2313*a*c)/(9*b) + (C3312*a*b)/(18*c),(C1123*c)/12 + (C1111*b*c)/(18*a) - (C1212*a*b)/(9*c) + (C2323*a*c)/(18*b),(C2212*a)/12 - (C2313*a)/12 - (C1113*b)/12 + (C2312*b)/12 + (C1122*c)/24 + (C2323*c)/24 + (C1123*b*c)/(18*a) - (C1312*a*b)/(9*c) + (C2223*a*c)/(18*b),(C1312*a)/12 - (C3323*a)/12 - (C1133*b)/12 + (C1212*b)/12 + (C1113*c)/24 + (C2312*c)/24 + (C1112*b*c)/(18*a) + (C2313*a*c)/(18*b) - (C3312*a*b)/(9*c),(C2323*a*c)/(36*b) - (C1111*b*c)/(18*a) - (C1212*a*b)/(18*c) - (C1112*b)/6,(C2212*a)/24 - (C2313*a)/24 - (C1113*b)/12 - (C2312*b)/12 + (C1122*c)/24 - (C2323*c)/24 - (C1123*b*c)/(18*a) - (C1312*a*b)/(18*c) + (C2223*a*c)/(36*b),(C1312*a)/24 - (C3323*a)/24 - (C1133*b)/12 - (C1212*b)/12 + (C1113*c)/24 - (C2312*c)/24 - (C1112*b*c)/(18*a) + (C2313*a*c)/(36*b) - (C3312*a*b)/(18*c), -(C2312*a)/12 - (C1112*b)/12 - (C1123*c)/12 - (C1111*b*c)/(36*a) - (C1212*a*b)/(36*c) - (C2323*a*c)/(36*b), - (C2212*a)/24 - (C2313*a)/24 - (C1113*b)/24 - (C2312*b)/24 - (C1122*c)/24 - (C2323*c)/24 - (C1123*b*c)/(36*a) - (C1312*a*b)/(36*c) - (C2223*a*c)/(36*b), - (C1312*a)/24 - (C3323*a)/24 - (C1133*b)/24 - (C1212*b)/24 - (C1113*c)/24 - (C2312*c)/24 - (C1112*b*c)/(36*a) - (C2313*a*c)/(36*b) - (C3312*a*b)/(36*c),(C1111*b*c)/(36*a) - (C2312*a)/6 - (C1212*a*b)/(18*c) - (C2323*a*c)/(18*b), (C2312*b)/24 - (C2313*a)/12 - (C1113*b)/24 - (C2212*a)/12 - (C1122*c)/24 + (C2323*c)/24 + (C1123*b*c)/(36*a) - (C1312*a*b)/(18*c) - (C2223*a*c)/(18*b), (C1212*b)/24 - (C3323*a)/12 - (C1133*b)/24 - (C1312*a)/12 - (C1113*c)/24 + (C2312*c)/24 + (C1112*b*c)/(36*a) - (C2313*a*c)/(18*b) - (C3312*a*b)/(18*c);...
      (C2212*a)/12 + (C2313*a)/12 + (C1113*b)/12 + (C2312*b)/12 + (C1122*c)/12 + (C2323*c)/12 + (C1123*b*c)/(9*a) + (C1312*a*b)/(9*c) + (C2223*a*c)/(9*b),(C2213*a)/6 + (C2313*b)/6 + (C2223*c)/6 + (C1313*a*b)/(9*c) + (C2222*a*c)/(9*b) + (C2323*b*c)/(9*a),(C1313*a)/12 + (C2233*a)/12 + (C1312*b)/12 + (C3323*b)/12 + (C2212*c)/12 + (C2313*c)/12 + (C2213*a*c)/(9*b) + (C2312*b*c)/(9*a) + (C3313*a*b)/(9*c),(C2212*a)/24 + (C2313*a)/24 - (C1113*b)/12 + (C2312*b)/12 - (C1122*c)/12 + (C2323*c)/12 - (C1123*b*c)/(9*a) + (C1312*a*b)/(18*c) + (C2223*a*c)/(18*b),(C2213*a)/12 + (C1313*a*b)/(18*c) + (C2222*a*c)/(18*b) - (C2323*b*c)/(9*a),(C1313*a)/24 + (C2233*a)/24 - (C1312*b)/12 + (C3323*b)/12 - (C2212*c)/12 + (C2313*c)/12 + (C2213*a*c)/(18*b) - (C2312*b*c)/(9*a) + (C3313*a*b)/(18*c),(C2212*a)/24 - (C2313*a)/24 - (C1113*b)/24 + (C2312*b)/24 - (C1122*c)/12 - (C2323*c)/12 - (C1123*b*c)/(18*a) + (C1312*a*b)/(36*c) - (C2223*a*c)/(18*b),(C1313*a*b)/(36*c) - (C2223*c)/6 - (C2222*a*c)/(18*b) - (C2323*b*c)/(18*a),(C2233*a)/24 - (C1313*a)/24 - (C1312*b)/24 + (C3323*b)/24 - (C2212*c)/12 - (C2313*c)/12 - (C2213*a*c)/(18*b) - (C2312*b*c)/(18*a) + (C3313*a*b)/(36*c),(C2212*a)/12 - (C2313*a)/12 + (C1113*b)/24 + (C2312*b)/24 + (C1122*c)/12 - (C2323*c)/12 + (C1123*b*c)/(18*a) + (C1312*a*b)/(18*c) - (C2223*a*c)/(9*b),(C2313*b)/12 + (C1313*a*b)/(18*c) - (C2222*a*c)/(9*b) + (C2323*b*c)/(18*a),(C2233*a)/12 - (C1313*a)/12 + (C1312*b)/24 + (C3323*b)/24 + (C2212*c)/12 - (C2313*c)/12 - (C2213*a*c)/(9*b) + (C2312*b*c)/(18*a) + (C3313*a*b)/(18*c),(C2313*a)/12 - (C2212*a)/12 + (C1113*b)/12 - (C2312*b)/12 + (C1122*c)/24 + (C2323*c)/24 + (C1123*b*c)/(18*a) - (C1312*a*b)/(9*c) + (C2223*a*c)/(18*b),(C2223*c)/12 - (C1313*a*b)/(9*c) + (C2222*a*c)/(18*b) + (C2323*b*c)/(18*a),(C1313*a)/12 - (C2233*a)/12 + (C1312*b)/12 - (C3323*b)/12 + (C2212*c)/24 + (C2313*c)/24 + (C2213*a*c)/(18*b) + (C2312*b*c)/(18*a) - (C3313*a*b)/(9*c),(C2313*a)/24 - (C2212*a)/24 - (C1113*b)/12 - (C2312*b)/12 - (C1122*c)/24 + (C2323*c)/24 - (C1123*b*c)/(18*a) - (C1312*a*b)/(18*c) + (C2223*a*c)/(36*b),(C2222*a*c)/(36*b) - (C1313*a*b)/(18*c) - (C2313*b)/6 - (C2323*b*c)/(18*a),(C1313*a)/24 - (C2233*a)/24 - (C1312*b)/12 - (C3323*b)/12 - (C2212*c)/24 + (C2313*c)/24 + (C2213*a*c)/(36*b) - (C2312*b*c)/(18*a) - (C3313*a*b)/(18*c), - (C2212*a)/24 - (C2313*a)/24 - (C1113*b)/24 - (C2312*b)/24 - (C1122*c)/24 - (C2323*c)/24 - (C1123*b*c)/(36*a) - (C1312*a*b)/(36*c) - (C2223*a*c)/(36*b),-(C2213*a)/12 - (C2313*b)/12 - (C2223*c)/12 - (C1313*a*b)/(36*c) - (C2222*a*c)/(36*b) - (C2323*b*c)/(36*a), - (C1313*a)/24 - (C2233*a)/24 - (C1312*b)/24 - (C3323*b)/24 - (C2212*c)/24 - (C2313*c)/24 - (C2213*a*c)/(36*b) - (C2312*b*c)/(36*a) - (C3313*a*b)/(36*c), (C1113*b)/24 - (C2313*a)/12 - (C2212*a)/12 - (C2312*b)/24 + (C1122*c)/24 - (C2323*c)/24 + (C1123*b*c)/(36*a) - (C1312*a*b)/(18*c) - (C2223*a*c)/(18*b),(C2323*b*c)/(36*a) - (C1313*a*b)/(18*c) - (C2222*a*c)/(18*b) - (C2213*a)/6, (C1312*b)/24 - (C2233*a)/12 - (C1313*a)/12 - (C3323*b)/24 + (C2212*c)/24 - (C2313*c)/24 - (C2213*a*c)/(18*b) + (C2312*b*c)/(36*a) - (C3313*a*b)/(18*c);...
