F1111 = 1/280 *(56 + 120 *V1 - 20 *V10 + 3 *V14 - 40 *V5 + 35 *V6);
F1122 = 1/840 * (56 + 3 *V14 - 40* V5 - 105 *V6);
F1133 = 1/210 * (14 + 15 *V1 + 15 *V10 - 3 *V14 + 5* V5);
F1123 = 1/28 *(V13 + 4 *V4 - 7 *V9);
F1113 = 1/28 *(-3 * V12 + 12* V3 + 7 *V8);
F1112 = 1/56 *(2* V11 + 24 * V2 - 7 * V7);
F2222 = 1/280 *(56 - 120 *V1 + 20 *V10 + 3 *V14 - 40* V5 + 35 *V6);
F2233 = 1/210 *(14 - 15 *V1 - 15 * V10 - 3 * V14 + 5 * V5);
F2223 = 1/28 *(3* V13 + 12 *V4 + 7 * V9);
F1223 = 1/28 *(-V12 + 4*  V3 - 7 * V8);
F1222 = 1/56 *(2 * V11 + 24* V2 + 7* V7);
F3333 = 1/35 *(7 + V14 + 10 *V5);
F2333 = 1/7 *(-V13 + 3 *V4);
F1333 = 1/7 *(V12 + 3 *V3);
F1233 = 1/14 *(-V11 + 2 * V2);