function xval_opt = optimum_variables (U1,U2,U3,U4,U5,vv1,vv2,vv3)
c = [1 1 1 0 0 0 0]';
setlmis([]);
alpha1=lmivar(2,[1,1]); 
alpha2=lmivar(2,[1,1]);
alpha3=lmivar(2, [1,1]);
alpha4=lmivar(2,[1,1]); 
alpha5=lmivar(2,[1,1]);
alpha6=lmivar(2, [1,1]);
V1 = lmivar(2,[1,1]);
V2 = lmivar(2,[1,1]);
V3 = lmivar(2,[1,1]);
V4 = lmivar(2,[1,1]);
V5 = lmivar(2,[1,1]);
V6 = lmivar(2,[1,1]);
V7 = lmivar(2,[1,1]);
V8 = lmivar(2,[1,1]);
V9 = lmivar(2,[1,1]);
V10 = lmivar(2,[1,1]);
V11 = lmivar(2,[1,1]);
V12 = lmivar(2,[1,1]);
V13 = lmivar(2,[1,1]);
V14 = lmivar(2,[1,1]);
%%======================***========================
F1111 = 1/280 *(56 + 120 *V1 - 20 *V10 + 3 *V14 - 40 *V5 + 35 *V6);
F1122 = 1/840 * (56 + 3 *V14 - 40* V5 - 105 *V6);
F1133 = 1/210 * (14 + 15 *V1 + 15 *V10 - 3 *V14 + 5* V5);
F1123 = 1/28 *(V13 + 4 *V4 - 7 *V9);
F1113 = 1/28 *(-3 * V12 + 12* V3 + 7 *V8);
F1112 = 1/56 *(2* V11 + 24 * V2 - 7 * V7);
F2222 = 1/280 *(56 - 120 *V1 + 20 *V10 + 3 *V14 - 40* V5 + 35 *V6);
F2233 = 1/210 *(14 - 15 *V1 - 15 * V10 - 3 * V14 + 5 * V5);
F2223 = 1/28 *(3* V13 + 12 *V4 + 7 * V9);
F1223 = 1/28 *(-V12 + 4*  V3 - 7 * V8);
F1222 = 1/56 *(2 * V11 + 24* V2 + 7* V7);
F3333 = 1/35 *(7 + V14 + 10 *V5);
F2333 = 1/7 *(-V13 + 3 *V4);
F1333 = 1/7 *(V12 + 3 *V3);
F1233 = 1/14 *(-V11 + 2 * V2);
%%===================****===========================
%% LMI 1 (A V1;V1' alfa1) >= 0
lmiterm([-1 4 1 0], vv1(1));   %V1'
lmiterm([-1 4 2 0], vv1(2));   %V1'
lmiterm([-1 4 3 0], vv1(3));   %V1'
lmiterm([-1 4 4 alpha1],1,1);   %alfa1

%% C11 = 2*a1+ 2*a2+2*F1111*a3+ 2*(F1111+F1122+F1133)*a4+ 2*(F1111+F1122+F1133)*a5;
lmiterm([-1 1 1 0],2*(a1+a2));  %2*a1+ 2*a2
lmiterm([-1 1 1 0], 56 , 1/140 *(a3+a4+a5) );  %2* 1/280 *(56 + 120 *V1 - 20 *V10 + 3 *V14 - 40 *V5 + 35 *V6))(a3+a4+a5);
lmiterm([-1 1 1 V1], 120 , 1/140 *(a3+a4+a5) );  %2* 1/280 *(56 + 120 *V1 - 20 *V10 + 3 *V14 - 40 *V5 + 35 *V6))(a3+a4+a5);
lmiterm([-1 1 1 V5], -40 , 1/140 *(a3+a4+a5) );  %2* 1/280 *(56 + 120 *V1 - 20 *V10 + 3 *V14 - 40 *V5 + 35 *V6))(a3+a4+a5);
lmiterm([-1 1 1 V6], 35 , 1/140 *(a3+a4+a5) );  %2* 1/280 *(56 + 120 *V1 - 20 *V10 + 3 *V14 - 40 *V5 + 35 *V6))(a3+a4+a5);
lmiterm([-1 1 1 V10], -20 , 1/140 *(a3+a4+a5) );  %2* 1/280 *(56 + 120 *V1 - 20 *V10 + 3 *V14 - 40 *V5 + 35 *V6))(a3+a4+a5);
lmiterm([-1 1 1 V14], 3 , 1/140 *(a3+a4+a5) );  %2* 1/280 *(56 + 120 *V1 - 20 *V10 + 3 *V14 - 40 *V5 + 35 *V6))(a3+a4+a5);
%==============================
lmiterm([-1 1 1 0],56,2/840 * (a4+a5));  %2*(1/840 * (56 + 3 *V14 - 40* V5 - 105 *V6))(a4+a5)
lmiterm([-1 1 1 V5],-40,2/840 * (a4+a5));  %2*(1/840 * (56 + 3 *V14 - 40* V5 - 105 *V6))(a4+a5)
lmiterm([-1 1 1 V6],-105,2/840 * (a4+a5));  %2*(1/840 * (56 + 3 *V14 - 40* V5 - 105 *V6))(a4+a5)
lmiterm([-1 1 1 V14],3,2/840 * (a4+a5));  %2*(1/840 * (56 + 3 *V14 - 40* V5 - 105 *V6))(a4+a5)
%===================================================
lmiterm([-1 1 1 0],14,(2/210)*(a4+a5));  %2* 1/210 * (14 + 15 *V1 + 15 *V10 - 3 *V14 + 5* V5);)(a4+a5)
lmiterm([-1 1 1 V1],15,(2/210)*(a4+a5));  %2* 1/210 * (14 + 15 *V1 + 15 *V10 - 3 *V14 + 5* V5);)(a4+a5)
lmiterm([-1 1 1 V5],5,(2/210)*(a4+a5));  %2* 1/210 * (14 + 15 *V1 + 15 *V10 - 3 *V14 + 5* V5);)(a4+a5)
lmiterm([-1 1 1 V10],15,(2/210)*(a4+a5));  %2* 1/210 * (14 + 15 *V1 + 15 *V10 - 3 *V14 + 5* V5);)(a4+a5)
lmiterm([-1 1 1 V14],-3,(2/210)*(a4+a5));  %2* 1/210 * (14 + 15 *V1 + 15 *V10 - 3 *V14 + 5* V5);)(a4+a5)

%% C12 = 2*a1+ 2*F1122*a3+ (F1111+F1122+F1133)*a4+ (F1122+F2222+F2233)*a4;
lmiterm([-1 1 2 0],2*a1);  %2a1
lmiterm([-1 1 2 0],56,a4*1/280);  % a4*(1/280 *(56 + 120 *V1 - 20 *V10 + 3 *V14 - 40 *V5 + 35 *V6))
lmiterm([-1 1 2 V1],120,a4*1/280);  % a4*(1/280 *(56 + 120 *V1 - 20 *V10 + 3 *V14 - 40 *V5 + 35 *V6))
lmiterm([-1 1 2 V5],-40,a4*1/280);  % a4*(1/280 *(56 + 120 *V1 - 20 *V10 + 3 *V14 - 40 *V5 + 35 *V6))
lmiterm([-1 1 2 V6],35,a4*1/280);  % a4*(1/280 *(56 + 120 *V1 - 20 *V10 + 3 *V14 - 40 *V5 + 35 *V6))
lmiterm([-1 1 2 V10],-20,a4*1/280);  % a4*(1/280 *(56 + 120 *V1 - 20 *V10 + 3 *V14 - 40 *V5 + 35 *V6))
lmiterm([-1 1 2 V14],3,a4*1/280);  % a4*(1/280 *(56 + 120 *V1 - 20 *V10 + 3 *V14 - 40 *V5 + 35 *V6))
%=========================
lmiterm([-1 1 2 0],56,(2/840)*(a3+a4));  %2*(1/840 * (56 + 3 *V14 - 40* V5 - 105 *V6);)(a3+a4)
lmiterm([-1 1 2 V5],-40,(2/840)*(a3+a4));  %2*(1/840 * (56 + 3 *V14 - 40* V5 - 105 *V6);)(a3+a4)
lmiterm([-1 1 2 V6],-105,(2/840)*(a3+a4));  %2*(1/840 * (56 + 3 *V14 - 40* V5 - 105 *V6);)(a3+a4)
lmiterm([-1 1 2 V14],3,(2/840)*(a3+a4));  %2*(1/840 * (56 + 3 *V14 - 40* V5 - 105 *V6);)(a3+a4)
%==========================
lmiterm([-1 1 2 0],14,a4/210);  %(1/210 * (14 + 15 *V1 + 15 *V10 - 3 *V14 + 5* V5)a4
lmiterm([-1 1 2 V1],15,a4/210);  %(1/210 * (14 + 15 *V1 + 15 *V10 - 3 *V14 + 5* V5)a4
lmiterm([-1 1 2 V5],5,a4/210);  %(1/210 * (14 + 15 *V1 + 15 *V10 - 3 *V14 + 5* V5)a4
lmiterm([-1 1 2 V10],15,a4/210);  %(1/210 * (14 + 15 *V1 + 15 *V10 - 3 *V14 + 5* V5)a4
lmiterm([-1 1 2 V14],-3,a4/210);  %(1/210 * (14 + 15 *V1 + 15 *V10 - 3 *V14 + 5* V5)a4
%============================
lmiterm([-1 1 2 0],56,a4/280);  %(1/280 *(56 - 120 *V1 + 20 *V10 + 3 *V14 - 40* V5 + 35 *V6))*a4
lmiterm([-1 1 2 V1],-120,a4/280);  %(1/280 *(56 - 120 *V1 + 20 *V10 + 3 *V14 - 40* V5 + 35 *V6))*a4
lmiterm([-1 1 2 V5],-40,a4/280);  %(1/280 *(56 - 120 *V1 + 20 *V10 + 3 *V14 - 40* V5 + 35 *V6))*a4
lmiterm([-1 1 2 V6],35,a4/280);  %(1/280 *(56 - 120 *V1 + 20 *V10 + 3 *V14 - 40* V5 + 35 *V6))*a4
lmiterm([-1 1 2 V10],20,a4/280);  %(1/280 *(56 - 120 *V1 + 20 *V10 + 3 *V14 - 40* V5 + 35 *V6))*a4
lmiterm([-1 1 2 V14],3,a4/280);  %(1/280 *(56 - 120 *V1 + 20 *V10 + 3 *V14 - 40* V5 + 35 *V6))*a4
%=============================
lmiterm([-1 1 2 0],14,a4/210);  %(1/210 *(14 - 15 *V1 - 15 * V10 - 3 * V14 + 5 * V5))*a4
lmiterm([-1 1 2 V1],-15,a4/210);  %(1/210 *(14 - 15 *V1 - 15 * V10 - 3 * V14 + 5 * V5))*a4
lmiterm([-1 1 2 V5],5,a4/210);  %(1/210 *(14 - 15 *V1 - 15 * V10 - 3 * V14 + 5 * V5))*a4
lmiterm([-1 1 2 V10],-15,a4/210);  %(1/210 *(14 - 15 *V1 - 15 * V10 - 3 * V14 + 5 * V5))*a4
lmiterm([-1 1 2 V15],-3,a4/210);  %(1/210 *(14 - 15 *V1 - 15 * V10 - 3 * V14 + 5 * V5))*a4

%% C13 = 2*a1 + 2*F1133*a3 + (F1111+F1122+F1133)*a4 + (F1133+F2233+F3333)*a4;
lmiterm([-1 1 3 0],2*a1,1);  % 2a1
lmiterm([-1 1 3 0],14,(2/210)*(a3+a4));  % 2*(1/210 * (14 + 15 *V1 + 15 *V10 - 3 *V14 + 5* V5))*(a3+a4)
lmiterm([-1 1 3 V1],15,(2/210)*(a3+a4));  % 2*(1/210 * (14 + 15 *V1 + 15 *V10 - 3 *V14 + 5* V5))*(a3+a4)
lmiterm([-1 1 3 V5],5,(2/210)*(a3+a4));  % 2*(1/210 * (14 + 15 *V1 + 15 *V10 - 3 *V14 + 5* V5))*(a3+a4)
lmiterm([-1 1 3 15],V10,(2/210)*(a3+a4));  % 2*(1/210 * (14 + 15 *V1 + 15 *V10 - 3 *V14 + 5* V5))*(a3+a4)
lmiterm([-1 1 3 V14],-3,(2/210)*(a3+a4));  % 2*(1/210 * (14 + 15 *V1 + 15 *V10 - 3 *V14 + 5* V5))*(a3+a4)
%=================================
lmiterm([-1 1 3 0],56,(1/210)*a4);  % (1/280 *(56 + 120 *V1 - 20 *V10 + 3 *V14 - 40 *V5 + 35 *V6))*a4
lmiterm([-1 1 3 V1],120,(1/210)*a4);  % (1/280 *(56 + 120 *V1 - 20 *V10 + 3 *V14 - 40 *V5 + 35 *V6))*a4
lmiterm([-1 1 3 V5],-40,(1/210)*a4);  % (1/280 *(56 + 120 *V1 - 20 *V10 + 3 *V14 - 40 *V5 + 35 *V6))*a4
lmiterm([-1 1 3 V6],35,(1/210)*a4);  % (1/280 *(56 + 120 *V1 - 20 *V10 + 3 *V14 - 40 *V5 + 35 *V6))*a4
lmiterm([-1 1 3 V10],-20,(1/210)*a4);  % (1/280 *(56 + 120 *V1 - 20 *V10 + 3 *V14 - 40 *V5 + 35 *V6))*a4
lmiterm([-1 1 3 V14],3,(1/210)*a4);  % (1/280 *(56 + 120 *V1 - 20 *V10 + 3 *V14 - 40 *V5 + 35 *V6))*a4
%=================================
lmiterm([-1 1 3 0],56,(1/840)*a4);  % a4*(1/840 * (56 + 3 *V14 - 40* V5 - 105 *V6))
lmiterm([-1 1 3 V5],-40,(1/840)*a4);  % a4*(1/840 * (56 + 3 *V14 - 40* V5 - 105 *V6))
lmiterm([-1 1 3 V6],-105,(1/840)*a4);  % a4*(1/840 * (56 + 3 *V14 - 40* V5 - 105 *V6))
lmiterm([-1 1 3 V14],3,(1/840)*a4);  % a4*(1/840 * (56 + 3 *V14 - 40* V5 - 105 *V6))
%=================================
lmiterm([-1 1 3 0],14,(1/210)*a4);  % a4*(1/210 *(14 - 15 *V1 - 15 * V10 - 3 * V14 + 5 * V5))
lmiterm([-1 1 3 V1],-15,(1/210)*a4);  % a4*(1/210 *(14 - 15 *V1 - 15 * V10 - 3 * V14 + 5 * V5))
